    N de claves  std::binary_search (ms)      Valores encontrados (std::bs)    Busqueda Binaria (ms)      Valores encontrados (Binaria)  Busqueda Galopante (ms)    Valores encontrados (Galopante)
---------------------------------------------------------------------------------------------------------------------------------------------------------------------------------------------------
             10                 0.013500                                  3                 0.011400                                  3                 0.011800                                  3
             50                 0.066700                                 22                 0.049800                                 22                 0.068300                                 22
            100                 0.137200                                 41                 0.130700                                 41                 0.108600                                 41
            500                 0.592400                                185                 0.487900                                185                 0.417800                                185
           1000                 1.009200                                387                 0.841600                                387                 0.901500                                387
           5000                 5.022600                               1978                 4.307600                               1978                 4.755400                               1978
          10000                10.781400                               3917                10.113500                               3917                10.661400                               3917
          50000                51.341100                              19781                40.544600                              19781                44.210700                              19781
         100000                80.946800                              39164                75.515300                              39164               100.510900                              39164
