    N de claves  std::binary_search (ms)      Valores encontrados (std::bs)    Busqueda Binaria (ms)      Valores encontrados (Binaria)  Busqueda Galopante (ms)    Valores encontrados (Galopante)
---------------------------------------------------------------------------------------------------------------------------------------------------------------------------------------------------
             10                 0.018300                                 10                 0.008200                                 10                 0.014400                                 10
             50                 0.078600                                 50                 0.030100                                 50                 0.059300                                 50
            100                 0.132100                                100                 0.067900                                100                 0.105800                                100
            500                 0.809200                                500                 0.554900                                500                 0.611000                                500
           1000                 1.472000                               1000                 1.382900                               1000                 1.518500                               1000
           5000                 6.845400                               5000                 6.043100                               5000                 6.870100                               5000
          10000                16.978400                              10000                12.732300                              10000                14.698800                              10000
          50000                68.429100                              50000                70.722000                              50000                51.791500                              50000
         100000               105.611400                             100000                88.593900                             100000                96.589600                             100000
