    N de claves  std::binary_search (ms)      Valores encontrados (std::bs)    Busqueda Binaria (ms)      Valores encontrados (Binaria)  Busqueda Galopante (ms)    Valores encontrados (Galopante)
---------------------------------------------------------------------------------------------------------------------------------------------------------------------------------------------------
             10                 0.013400                                 10                 0.008000                                 10                 0.011200                                 10
             50                 0.056500                                 50                 0.025000                                 50                 0.038600                                 50
            100                 0.084900                                100                 0.056900                                100                 0.074000                                100
            500                 0.382400                                493                 0.264200                                493                 0.368900                                493
           1000                 0.703200                                989                 0.634600                                989                 0.849800                                989
           5000                 4.782500                               4974                 3.697300                               4974                 6.043400                               4974
          10000                 9.877500                               9934                 9.233400                               9934                10.846900                               9934
          50000                50.278200                              49698                42.518600                              49698                56.111800                              49698
         100000                78.679500                              99322                68.770400                              99322                87.672800                              99322
